mass	low1_0.01	high1_0.01	low2_0.01	high2_0.01	low3_0.01	high3_0.01	low4_0.01	high4_0.01	low5_0.01	high5_0.01
725	0.4135	1.6875	0	3.2235	0	12.0015	0	67.1545	0	483.273
775	0.433666667	1.676	0	3.129	0	11.20733333	0	61.025	0	427.245
825	0.477	1.644666667	0	2.913	0	9.557666667	0	48.73933333	0	323.8333333
875	0.5	1.616	0	2.733666667	0	8.300666667	0	40.266	0	249.0786667
925	0.520666667	1.588666667	0	2.564	0	7.190333333	0	33.115	0	194.0823333
975	0.538333333	1.572	0	2.420666667	0	6.382666667	0	27.824	0	153.958
1025	0.561333333	1.556333333	0	2.305	0	5.728333333	0	23.267	0	123.578
1075	0.578666667	1.538666667	0	2.203	0	5.212	0	19.85566667	0	101.1963333
1125	0.592333333	1.524	0.022	2.114	0	4.714333333	0	17.23166667	0	83.94933333
1175	0.606333333	1.507666667	0.072333333	2.044333333	0	4.306666667	0	14.81366667	0	70.498
1225	0.622666667	1.494666667	0.136333333	1.974666667	0	3.955666667	0	12.84266667	0	58.629
1275	0.632333333	1.477	0.196333333	1.913	0	3.703666667	0	11.24466667	0	48.963
1325	0.640666667	1.464666667	0.241333333	1.86	0	3.457666667	0	10.027	0	41.39533333
1375	0.649333333	1.459	0.290666667	1.813333333	0	3.240333333	0	9.029	0	36.033
1425	0.658666667	1.461	0.335	1.775333333	0	3.026333333	0	8.089333333	0	31.04666667
1475	0.667666667	1.451	0.378333333	1.736666667	0	2.863333333	0	7.317	0	26.89033333
1525	0.673333333	1.440666667	0.411666667	1.704	0	2.705333333	0	6.548333333	0	22.95933333
1575	0.681	1.424666667	0.439333333	1.679666667	0	2.597333333	0	5.969	0	19.77933333
1625	0.685333333	1.421666667	0.463	1.655	0	2.481666667	0	5.436666667	0	17.464
1675	0.689666667	1.419666667	0.485333333	1.634	0	2.366333333	0	5.047	0	15.71666667
1725	0.695666667	1.415333333	0.507	1.600666667	0	2.253	0	4.641333333	0	14.164
1775	0.699333333	1.41	0.532666667	1.574333333	0.003333333	2.169	0	4.268666667	0	12.72233333
1825	0.705	1.396666667	0.552	1.552333333	0.032333333	2.106	0	3.959333333	0	11.30766667
1875	0.707	1.393333333	0.571333333	1.537333333	0.072333333	2.054	0	3.725	0	10.24166667
1925	0.713333333	1.394666667	0.583	1.524666667	0.135666667	1.985	0	3.527	0	9.198
1975	0.720666667	1.396666667	0.596333333	1.507	0.187666667	1.933	0	3.299666667	0	8.348666667
2025	0.722857143	1.385714286	0.605428571	1.499285714	0.234571429	1.894857143	0	3.147714286	0	7.706857143
2075	0.726714286	1.384	0.618714286	1.486285714	0.279142857	1.852285714	0	2.974428571	0	7.003
2125	0.730428571	1.379142857	0.629714286	1.477285714	0.326571429	1.809571429	0	2.826428571	0	6.371
2175	0.734142857	1.373142857	0.639428571	1.467428571	0.363	1.768285714	0	2.687142857	0	5.827
2225	0.736285714	1.371857143	0.649714286	1.459714286	0.394428571	1.739428571	0	2.575428571	0	5.361714286
2275	0.738142857	1.369714286	0.656571429	1.454714286	0.420857143	1.713142857	0	2.463714286	0	4.969
2325	0.740428571	1.364857143	0.664857143	1.447428571	0.446285714	1.684857143	0.000142857	2.375	0	4.594
2375	0.742285714	1.364285714	0.672428571	1.437142857	0.469714286	1.657428571	0.007142857	2.300714286	0	4.278142857
2425	0.743714286	1.364857143	0.678	1.429857143	0.489428571	1.637857143	0.024857143	2.227142857	0	4.017714286
2475	0.746857143	1.365571429	0.684714286	1.426285714	0.504428571	1.617428571	0.055	2.158714286	0	3.781428571
2525	0.748142857	1.366	0.691857143	1.423142857	0.519714286	1.607714286	0.088571429	2.101857143	0	3.578571429
2575	0.75	1.362	0.695	1.415	0.537142857	1.588571429	0.124285714	2.045	0	3.389571429
2625	0.753428571	1.361	0.701571429	1.411571429	0.553142857	1.574	0.168285714	1.994	0	3.200857143
2675	0.755	1.365	0.706142857	1.409857143	0.567571429	1.567714286	0.217	1.963857143	0	3.054571429
2725	0.755857143	1.361285714	0.709428571	1.408857143	0.580142857	1.560142857	0.264714286	1.920285714	0	2.919857143
2775	0.758142857	1.358285714	0.712285714	1.407714286	0.594	1.551	0.301714286	1.884571429	0	2.795571429
2825	0.758285714	1.358285714	0.714285714	1.403428571	0.605714286	1.544857143	0.332285714	1.850142857	0	2.680857143
2875	0.760714286	1.353714286	0.716285714	1.396285714	0.617714286	1.530857143	0.362714286	1.820142857	0	2.565857143
2925	0.760857143	1.350571429	0.719714286	1.395571429	0.624857143	1.520714286	0.393142857	1.788142857	0	2.456714286
2975	0.761857143	1.347857143	0.720428571	1.394142857	0.633	1.510285714	0.419142857	1.766571429	0.002142857	2.390714286
3025	0.763769231	1.351153846	0.720923077	1.395692308	0.632153846	1.508769231	0.425	1.754769231	0.047	2.350076923
3075	0.764923077	1.351153846	0.724769231	1.395615385	0.638461538	1.503307692	0.448846154	1.734615385	0.066846154	2.277384615
3125	0.765923077	1.350461538	0.725307692	1.393923077	0.643461538	1.496615385	0.467307692	1.718307692	0.086461538	2.221384615
3175	0.767384615	1.348692308	0.728461538	1.390538462	0.649461538	1.489846154	0.484307692	1.694230769	0.112230769	2.153846154
3225	0.767923077	1.349384615	0.728153846	1.387076923	0.652538462	1.479923077	0.500076923	1.677461538	0.138923077	2.102076923
3275	0.768923077	1.348538462	0.730769231	1.385076923	0.656153846	1.473846154	0.516923077	1.660692308	0.166307692	2.051461538
3325	0.770230769	1.345923077	0.729769231	1.382692308	0.657076923	1.468692308	0.528461538	1.648538462	0.196384615	2.008692308
3375	0.770461538	1.347	0.730230769	1.383230769	0.660230769	1.466615385	0.540384615	1.639307692	0.227461538	1.985769231
3425	0.771692308	1.347384615	0.730461538	1.382846154	0.663153846	1.464230769	0.550923077	1.631923077	0.262692308	1.950384615
3475	0.772769231	1.347538462	0.732153846	1.379307692	0.665384615	1.458923077	0.559692308	1.620230769	0.295461538	1.918923077
3525	0.773076923	1.345153846	0.732538462	1.376076923	0.668461538	1.455538462	0.57	1.607846154	0.319538462	1.889307692
3575	0.772615385	1.345538462	0.733692308	1.371538462	0.669692308	1.450076923	0.578	1.598461538	0.346307692	1.862692308
3625	0.773846154	1.343692308	0.736230769	1.37	0.672769231	1.446384615	0.586692308	1.593307692	0.376538462	1.848846154
3675	0.774384615	1.34	0.737153846	1.368384615	0.676076923	1.442692308	0.592230769	1.581846154	0.395615385	1.824461538
3725	0.774384615	1.337076923	0.737153846	1.368076923	0.677307692	1.440538462	0.598076923	1.576	0.415230769	1.801923077
3775	0.774846154	1.335153846	0.738461538	1.368846154	0.679538462	1.436769231	0.603461538	1.570615385	0.435	1.786076923
3825	0.776	1.331923077	0.738384615	1.369461538	0.68	1.437153846	0.609769231	1.569769231	0.449307692	1.779384615
3875	0.776846154	1.328692308	0.740769231	1.368538462	0.682769231	1.433538462	0.612692308	1.562153846	0.466076923	1.763769231
3925	0.776769231	1.329538462	0.741461538	1.371615385	0.684615385	1.434153846	0.617307692	1.560384615	0.479538462	1.754153846
3975	0.776769231	1.330076923	0.744538462	1.371769231	0.688923077	1.432846154	0.620692308	1.554384615	0.491692308	1.737
4025	0.778210526	1.332210526	0.744157895	1.369	0.686052632	1.428894737	0.620947368	1.547736842	0.492578947	1.731263158
4075	0.778	1.330736842	0.744105263	1.368	0.687105263	1.425157895	0.623473684	1.542736842	0.503578947	1.720052632
4125	0.777894737	1.329894737	0.745842105	1.367	0.689736842	1.422473684	0.627789474	1.535578947	0.513105263	1.708631579
4175	0.777368421	1.326842105	0.746947368	1.365894737	0.690578947	1.420947368	0.631052632	1.530421053	0.522631579	1.692210526
4225	0.777947368	1.327	0.748526316	1.364157895	0.691894737	1.419842105	0.633157895	1.525157895	0.528842105	1.685526316
4275	0.778842105	1.327578947	0.749526316	1.365052632	0.693842105	1.419263158	0.635473684	1.520736842	0.535210526	1.673
4325	0.778684211	1.327894737	0.749368421	1.365473684	0.694894737	1.417	0.637368421	1.517684211	0.543631579	1.665631579
4375	0.778684211	1.327263158	0.748157895	1.365052632	0.692105263	1.416736842	0.635421053	1.517473684	0.548105263	1.665473684
4425	0.778526316	1.326894737	0.747421053	1.367052632	0.692052632	1.416947368	0.634947368	1.516	0.550736842	1.657736842
4475	0.778789474	1.330578947	0.747578947	1.369368421	0.692368421	1.418526316	0.638052632	1.516631579	0.557052632	1.651526316
4525	0.778894737	1.330736842	0.745736842	1.368210526	0.692157895	1.417157895	0.635947368	1.510368421	0.559105263	1.643157895
4575	0.779315789	1.331157895	0.746263158	1.366	0.691947368	1.417105263	0.637421053	1.505631579	0.561894737	1.633210526
4625	0.779578947	1.332736842	0.747578947	1.365789474	0.693052632	1.415210526	0.638684211	1.501157895	0.567526316	1.626578947
4675	0.778736842	1.335368421	0.746315789	1.367421053	0.691210526	1.418315789	0.637789474	1.503736842	0.567736842	1.627526316
4725	0.778631579	1.332947368	0.744842105	1.364684211	0.689210526	1.415368421	0.635315789	1.501105263	0.568368421	1.628315789
4775	0.776789474	1.334052632	0.741684211	1.365	0.686105263	1.417	0.633736842	1.499368421	0.567684211	1.628
4825	0.776473684	1.333157895	0.741157895	1.363631579	0.687473684	1.419736842	0.634105263	1.498105263	0.567842105	1.621368421
4875	0.775526316	1.333473684	0.740315789	1.366105263	0.686315789	1.422105263	0.634105263	1.500157895	0.569157895	1.623736842
4925	0.775526316	1.334842105	0.739947368	1.368	0.685368421	1.422736842	0.632421053	1.500947368	0.569421053	1.619526316
4975	0.777421053	1.330684211	0.740684211	1.366052632	0.686526316	1.421368421	0.633263158	1.498473684	0.571789474	1.613684211
5025	0.78932	1.32212	0.74312	1.36961	0.68687	1.43764	0.62803	1.51574	0.57192	1.60646
5075	0.78932	1.32212	0.74312	1.36961	0.68687	1.43764	0.62803	1.51574	0.57192	1.60646
5125	0.78932	1.32212	0.74312	1.36961	0.68687	1.43764	0.62803	1.51574	0.57192	1.60646
5175	0.78932	1.32212	0.74312	1.36961	0.68687	1.43764	0.62803	1.51574	0.57192	1.60646
5225	0.78932	1.32212	0.74312	1.36961	0.68687	1.43764	0.62803	1.51574	0.57192	1.60646
5275	0.78932	1.32212	0.74312	1.36961	0.68687	1.43764	0.62803	1.51574	0.57192	1.60646
5325	0.78932	1.32212	0.74312	1.36961	0.68687	1.43764	0.62803	1.51574	0.57192	1.60646
5375	0.78932	1.32212	0.74312	1.36961	0.68687	1.43764	0.62803	1.51574	0.57192	1.60646
5425	0.78932	1.32212	0.74312	1.36961	0.68687	1.43764	0.62803	1.51574	0.57192	1.60646
5475	0.78932	1.32212	0.74312	1.36961	0.68687	1.43764	0.62803	1.51574	0.57192	1.60646
5525	0.78932	1.32212	0.74312	1.36961	0.68687	1.43764	0.62803	1.51574	0.57192	1.60646
5575	0.78932	1.32212	0.74312	1.36961	0.68687	1.43764	0.62803	1.51574	0.57192	1.60646
5625	0.78932	1.32212	0.74312	1.36961	0.68687	1.43764	0.62803	1.51574	0.57192	1.60646
5675	0.78932	1.32212	0.74312	1.36961	0.68687	1.43764	0.62803	1.51574	0.57192	1.60646
5725	0.78932	1.32212	0.74312	1.36961	0.68687	1.43764	0.62803	1.51574	0.57192	1.60646
5775	0.78932	1.32212	0.74312	1.36961	0.68687	1.43764	0.62803	1.51574	0.57192	1.60646
5825	0.78932	1.32212	0.74312	1.36961	0.68687	1.43764	0.62803	1.51574	0.57192	1.60646
5875	0.78932	1.32212	0.74312	1.36961	0.68687	1.43764	0.62803	1.51574	0.57192	1.60646
5925	0.78932	1.32212	0.74312	1.36961	0.68687	1.43764	0.62803	1.51574	0.57192	1.60646
5975	0.78932	1.32212	0.74312	1.36961	0.68687	1.43764	0.62803	1.51574	0.57192	1.60646
6025	0.78932	1.32212	0.74312	1.36961	0.68687	1.43764	0.62803	1.51574	0.57192	1.60646
6075	0.78932	1.32212	0.74312	1.36961	0.68687	1.43764	0.62803	1.51574	0.57192	1.60646
6125	0.78932	1.32212	0.74312	1.36961	0.68687	1.43764	0.62803	1.51574	0.57192	1.60646
6175	0.78932	1.32212	0.74312	1.36961	0.68687	1.43764	0.62803	1.51574	0.57192	1.60646
6225	0.78932	1.32212	0.74312	1.36961	0.68687	1.43764	0.62803	1.51574	0.57192	1.60646
6275	0.78932	1.32212	0.74312	1.36961	0.68687	1.43764	0.62803	1.51574	0.57192	1.60646
6325	0.78932	1.32212	0.74312	1.36961	0.68687	1.43764	0.62803	1.51574	0.57192	1.60646
6375	0.78932	1.32212	0.74312	1.36961	0.68687	1.43764	0.62803	1.51574	0.57192	1.60646
6425	0.78932	1.32212	0.74312	1.36961	0.68687	1.43764	0.62803	1.51574	0.57192	1.60646
6475	0.78932	1.32212	0.74312	1.36961	0.68687	1.43764	0.62803	1.51574	0.57192	1.60646
6525	0.78932	1.32212	0.74312	1.36961	0.68687	1.43764	0.62803	1.51574	0.57192	1.60646
6575	0.78932	1.32212	0.74312	1.36961	0.68687	1.43764	0.62803	1.51574	0.57192	1.60646
6625	0.78932	1.32212	0.74312	1.36961	0.68687	1.43764	0.62803	1.51574	0.57192	1.60646
6675	0.78932	1.32212	0.74312	1.36961	0.68687	1.43764	0.62803	1.51574	0.57192	1.60646
6725	0.78932	1.32212	0.74312	1.36961	0.68687	1.43764	0.62803	1.51574	0.57192	1.60646
6775	0.78932	1.32212	0.74312	1.36961	0.68687	1.43764	0.62803	1.51574	0.57192	1.60646
6825	0.78932	1.32212	0.74312	1.36961	0.68687	1.43764	0.62803	1.51574	0.57192	1.60646
6875	0.78932	1.32212	0.74312	1.36961	0.68687	1.43764	0.62803	1.51574	0.57192	1.60646
6925	0.78932	1.32212	0.74312	1.36961	0.68687	1.43764	0.62803	1.51574	0.57192	1.60646
6975	0.78932	1.32212	0.74312	1.36961	0.68687	1.43764	0.62803	1.51574	0.57192	1.60646
7025	0.78932	1.32212	0.74312	1.36961	0.68687	1.43764	0.62803	1.51574	0.57192	1.60646
7075	0.78932	1.32212	0.74312	1.36961	0.68687	1.43764	0.62803	1.51574	0.57192	1.60646
7125	0.78932	1.32212	0.74312	1.36961	0.68687	1.43764	0.62803	1.51574	0.57192	1.60646
7175	0.78932	1.32212	0.74312	1.36961	0.68687	1.43764	0.62803	1.51574	0.57192	1.60646
7225	0.78932	1.32212	0.74312	1.36961	0.68687	1.43764	0.62803	1.51574	0.57192	1.60646
7275	0.78932	1.32212	0.74312	1.36961	0.68687	1.43764	0.62803	1.51574	0.57192	1.60646
7325	0.78932	1.32212	0.74312	1.36961	0.68687	1.43764	0.62803	1.51574	0.57192	1.60646
7375	0.78932	1.32212	0.74312	1.36961	0.68687	1.43764	0.62803	1.51574	0.57192	1.60646
7425	0.78932	1.32212	0.74312	1.36961	0.68687	1.43764	0.62803	1.51574	0.57192	1.60646
7475	0.78932	1.32212	0.74312	1.36961	0.68687	1.43764	0.62803	1.51574	0.57192	1.60646
7525	0.78932	1.32212	0.74312	1.36961	0.68687	1.43764	0.62803	1.51574	0.57192	1.60646
7575	0.78932	1.32212	0.74312	1.36961	0.68687	1.43764	0.62803	1.51574	0.57192	1.60646
7625	0.78932	1.32212	0.74312	1.36961	0.68687	1.43764	0.62803	1.51574	0.57192	1.60646
7675	0.78932	1.32212	0.74312	1.36961	0.68687	1.43764	0.62803	1.51574	0.57192	1.60646
7725	0.78932	1.32212	0.74312	1.36961	0.68687	1.43764	0.62803	1.51574	0.57192	1.60646
7775	0.78932	1.32212	0.74312	1.36961	0.68687	1.43764	0.62803	1.51574	0.57192	1.60646
7825	0.78932	1.32212	0.74312	1.36961	0.68687	1.43764	0.62803	1.51574	0.57192	1.60646
7875	0.78932	1.32212	0.74312	1.36961	0.68687	1.43764	0.62803	1.51574	0.57192	1.60646
7925	0.78932	1.32212	0.74312	1.36961	0.68687	1.43764	0.62803	1.51574	0.57192	1.60646
7975	0.78932	1.32212	0.74312	1.36961	0.68687	1.43764	0.62803	1.51574	0.57192	1.60646
8025	0.78932	1.32212	0.74312	1.36961	0.68687	1.43764	0.62803	1.51574	0.57192	1.60646
8075	0.78932	1.32212	0.74312	1.36961	0.68687	1.43764	0.62803	1.51574	0.57192	1.60646
8125	0.78932	1.32212	0.74312	1.36961	0.68687	1.43764	0.62803	1.51574	0.57192	1.60646
8175	0.78932	1.32212	0.74312	1.36961	0.68687	1.43764	0.62803	1.51574	0.57192	1.60646
8225	0.78932	1.32212	0.74312	1.36961	0.68687	1.43764	0.62803	1.51574	0.57192	1.60646
8275	0.78932	1.32212	0.74312	1.36961	0.68687	1.43764	0.62803	1.51574	0.57192	1.60646
8325	0.78932	1.32212	0.74312	1.36961	0.68687	1.43764	0.62803	1.51574	0.57192	1.60646
8375	0.78932	1.32212	0.74312	1.36961	0.68687	1.43764	0.62803	1.51574	0.57192	1.60646
8425	0.78932	1.32212	0.74312	1.36961	0.68687	1.43764	0.62803	1.51574	0.57192	1.60646
8475	0.78932	1.32212	0.74312	1.36961	0.68687	1.43764	0.62803	1.51574	0.57192	1.60646
8525	0.78932	1.32212	0.74312	1.36961	0.68687	1.43764	0.62803	1.51574	0.57192	1.60646
8575	0.78932	1.32212	0.74312	1.36961	0.68687	1.43764	0.62803	1.51574	0.57192	1.60646
8625	0.78932	1.32212	0.74312	1.36961	0.68687	1.43764	0.62803	1.51574	0.57192	1.60646
8675	0.78932	1.32212	0.74312	1.36961	0.68687	1.43764	0.62803	1.51574	0.57192	1.60646
8725	0.78932	1.32212	0.74312	1.36961	0.68687	1.43764	0.62803	1.51574	0.57192	1.60646
8775	0.78932	1.32212	0.74312	1.36961	0.68687	1.43764	0.62803	1.51574	0.57192	1.60646
8825	0.78932	1.32212	0.74312	1.36961	0.68687	1.43764	0.62803	1.51574	0.57192	1.60646
8875	0.78932	1.32212	0.74312	1.36961	0.68687	1.43764	0.62803	1.51574	0.57192	1.60646
8925	0.78932	1.32212	0.74312	1.36961	0.68687	1.43764	0.62803	1.51574	0.57192	1.60646
8975	0.78932	1.32212	0.74312	1.36961	0.68687	1.43764	0.62803	1.51574	0.57192	1.60646
9025	0.78932	1.32212	0.74312	1.36961	0.68687	1.43764	0.62803	1.51574	0.57192	1.60646
9075	0.78932	1.32212	0.74312	1.36961	0.68687	1.43764	0.62803	1.51574	0.57192	1.60646
9125	0.78932	1.32212	0.74312	1.36961	0.68687	1.43764	0.62803	1.51574	0.57192	1.60646
9175	0.78932	1.32212	0.74312	1.36961	0.68687	1.43764	0.62803	1.51574	0.57192	1.60646
9225	0.78932	1.32212	0.74312	1.36961	0.68687	1.43764	0.62803	1.51574	0.57192	1.60646
9275	0.78932	1.32212	0.74312	1.36961	0.68687	1.43764	0.62803	1.51574	0.57192	1.60646
9325	0.78932	1.32212	0.74312	1.36961	0.68687	1.43764	0.62803	1.51574	0.57192	1.60646
9375	0.78932	1.32212	0.74312	1.36961	0.68687	1.43764	0.62803	1.51574	0.57192	1.60646
9425	0.78932	1.32212	0.74312	1.36961	0.68687	1.43764	0.62803	1.51574	0.57192	1.60646
9475	0.78932	1.32212	0.74312	1.36961	0.68687	1.43764	0.62803	1.51574	0.57192	1.60646
9525	0.78932	1.32212	0.74312	1.36961	0.68687	1.43764	0.62803	1.51574	0.57192	1.60646
9575	0.78932	1.32212	0.74312	1.36961	0.68687	1.43764	0.62803	1.51574	0.57192	1.60646
9625	0.78932	1.32212	0.74312	1.36961	0.68687	1.43764	0.62803	1.51574	0.57192	1.60646
9675	0.78932	1.32212	0.74312	1.36961	0.68687	1.43764	0.62803	1.51574	0.57192	1.60646
9725	0.78932	1.32212	0.74312	1.36961	0.68687	1.43764	0.62803	1.51574	0.57192	1.60646
9775	0.78932	1.32212	0.74312	1.36961	0.68687	1.43764	0.62803	1.51574	0.57192	1.60646
9825	0.78932	1.32212	0.74312	1.36961	0.68687	1.43764	0.62803	1.51574	0.57192	1.60646
9875	0.78932	1.32212	0.74312	1.36961	0.68687	1.43764	0.62803	1.51574	0.57192	1.60646
9925	0.78932	1.32212	0.74312	1.36961	0.68687	1.43764	0.62803	1.51574	0.57192	1.60646
9975	0.78932	1.32212	0.74312	1.36961	0.68687	1.43764	0.62803	1.51574	0.57192	1.60646
